inherit_from: "configs/mono/waymo/base_config.yaml"

Dataset:
  dataset_path: "datasets/waymo/106762/FRONT"
  Calibration:
    fx: 2086.005616616027 
    fy: 2086.005616616027 
    cx: 957.80023934405 
    cy: 641.8962765156448
    k1: 0.0423869563923772 
    k2: -0.3444237760994792 
    p1: 0.0012236899799753097 
    p2: -0.0001367895599453292 
    k3: 0.0
    width: 1920
    height: 1280
    depth_scale: 5000.0
    distorted: True


opt_params:
    position_lr_init: 0.0016
    position_lr_final: 0.00016
    init_lr: 2

Training:
    alpha: 0.98
    mapping_itr_nosingle: 50