inherit_from: "configs/mono/waymo/base_config.yaml"

Dataset:
  dataset_path: "datasets/waymo/153495/FRONT"
  Calibration:
    fx: 2071.3932896281076 
    fy: 2071.3932896281076 
    cx: 952.3805527835524 
    cy: 653.8669872813746
    k1: 0.05036108992329593
    k2: -0.3486531774617277
    p1: 0.0016151730124412522
    p2: -0.000933743404202468
    k3: 0
    width: 1920
    height: 1280
    depth_scale: 5000.0
    distorted: True

opt_params:
    position_lr_init: 0.0016
    position_lr_final: 0.00016
    init_lr: 2

Training:
    alpha: 0.98
    mapping_itr_nosingle: 10
