inherit_from: "configs/mono/waymo/base_config.yaml"

Dataset:
  dataset_path: "datasets/waymo/163453/FRONT"
  Calibration:
    fx: 2060.1425931120934 
    fy: 2060.1425931120934 
    cx: 975.5965057143899 
    cy: 630.853334844486
    k1: 0.04141289654300018
    k2: -0.33489740041263666
    p1: 0.0005022866894809016
    p2: -0.0009337226533304631
    k3: 0
    width: 1920
    height: 1280
    depth_scale: 5000.0
    distorted: True

opt_params:
    position_lr_init: 0.0016
    position_lr_final: 0.00016
    init_lr: 6

Training:
    alpha: 0.96
    mapping_itr_nosingle: 30
